using System;
using System.Collections.Generic;
using System.ComponentModel;
using System.Data;
using System.Diagnostics;
using System.Drawing;
using System.Threading;
using System.Linq;
using System.Text;
using System.Threading.Tasks;
using System.Windows.Forms;
using Hotkeys;
using System.Runtime.InteropServices;
using System.Drawing.Drawing2D;
using System.IO;
using System.Text.RegularExpressions;
//https://pl.wikipedia.org/wiki/Plik:Color_blindness.png
//https://arxiv.org/ftp/arxiv/papers/1502/1502.03723.pdf
// uper link work perfectly with deuteranomaly


namespace EqSoft
{
    public partial class FQS : Form
    {

        #region Private Variables

        private Hotkeys.GlobalHotkey F1Key, F2Key, F3Key, F4Key, F5Key, F6Key, F7Key, F8Key, F9Key, PrintScreenKey, PlusKey, MinusKey, PageUpKey, PageDownKey, HomeKey;
        private Int32 F1Id = 1, F2Id = 2, F3Id = 3, F4Id = 4, F5Id = 5, F6Id = 6, F7Id = 7, F8Id = 8, F9Id = 9, PrintScreenId = 13, PlusId = 10, MinusId = 11, HomeId = 12;
        private EFilterTypes previousFilter;
        private string printImagePath = Application.StartupPath;
        string optionsPath = Application.StartupPath + @"\options.txt";
        public Color RedCustomColorValue, GreenCustomColorValue, BlueCustomColorValue;
        PictureBox[] screensPictureBox = new PictureBox[6];
        Form2 customFilter;
        int waveLenghtSeverity = 0;
        private bool drawingString;
        private bool drawingStringOptionEnabled;
        private bool processIsPaused;
        string processName;

        [DllImport("User32.dll")]
        public static extern IntPtr GetDC(IntPtr hwnd);
        [DllImport("User32.dll")]
        public static extern void ReleaseDC(IntPtr hwnd, IntPtr dc);

        public enum ThreadAccess : int
        {
            TERMINATE = (0x0001),
            SUSPEND_RESUME = (0x0002),
            GET_CONTEXT = (0x0008),
            SET_CONTEXT = (0x0010),
            SET_INFORMATION = (0x0020),
            QUERY_INFORMATION = (0x0040),
            SET_THREAD_TOKEN = (0x0080),
            IMPERSONATE = (0x0100),
            DIRECT_IMPERSONATION = (0x0200)
        }

        [DllImport("kernel32.dll")]
        static extern IntPtr OpenThread(ThreadAccess dwDesiredAccess, bool bInheritHandle, uint dwThreadId);
        [DllImport("kernel32.dll")]
        static extern uint SuspendThread(IntPtr hThread);
        [DllImport("kernel32.dll")]
        static extern int ResumeThread(IntPtr hThread);
        [DllImport("kernel32", CharSet = CharSet.Auto, SetLastError = true)]
        static extern bool CloseHandle(IntPtr handle);



        private Dictionary<int, float[]> protanomalyMatrixDictionary = new Dictionary<int, float[]>
        #region
        {
            {
                0,
                new[]
                {
                    1,  0,   0,  0.0f,  0.0f,
                    0,  1,   0,  0.0f,  0.0f,
                    0,  0,   1,  0.0f,  0.0f,
                    0,  0,   0,  0.0f,  0.0f,
                    0,  0,   0,  0.0f,  0.0f
                }
            },
            {
                2,
                new[]
                {
                    0.856167f, 0.029342f,  -0.002880f, 0.0f,  0.0f,
                    0.182038f, 0.955115f,  -0.001563f, 0.0f,  0.0f,
                     -0.038205f, 0.015544f,  1.004443f, 0.0f,  0.0f,
                     0.0f,       0.0f,        0.0f,      0.0f,  0.0f,
                     0.0f,       0.0f,        0.0f,      0.0f,  0.0f
                }
            },
            {
                4,
                new[]
                {
                    0.734766f,  0.051840f,  -0.004928f,   0.0f,  0.0f,
                    0.334872f,  0.919198f,  -0.004209f,  0.0f,  0.0f,
                    -0.069637f,  0.028963f,  1.009137f, 0.0f,  0.0f,
                     0.0f,       0.0f,        0.0f,      0.0f,  0.0f,
                     0.0f,       0.0f,        0.0f,      0.0f,  0.0f
                }
            },
            {
                6,
                new[]
                {
                    0.630323f, 0.069181f,   -0.006308f, 0.0f,  0.0f,
                    0.465641f,  0.890046f,  -0.007724f, 0.0f,  0.0f,
                    -0.095964f,  0.040773f,  1.014032f, 0.0f,  0.0f,
                     0.0f,       0.0f,        0.0f,      0.0f,  0.0f,
                     0.0f,       0.0f,        0.0f,      0.0f,  0.0f
                }
            },
            {
                8,
                new[]
                {
                    0.539009f,  0.082546f,  -0.007136f,  0.0f,  0.0f,
                    0.579343f,  0.866121f,  -0.011959f,  0.0f,  0.0f,
                    -0.118352f,  0.051332f,  1.019095f, 0.0f,  0.0f,
                     0.0f,       0.0f,        0.0f,      0.0f,  0.0f,
                     0.0f,       0.0f,        0.0f,      0.0f,  0.0f
                }
            },
            {
                10,
                new[]
                {
                    0.458064f,  0.092785f,  -0.007494f,  0.0f,  0.0f,
                    0.679578f,  0.846313f,  -0.016807f,  0.0f,  0.0f,
                    -0.137642f,  0.060902f,  1.024301f, 0.0f,  0.0f,
                     0.0f,       0.0f,        0.0f,      0.0f,  0.0f,
                     0.0f,       0.0f,        0.0f,      0.0f,  0.0f
                }
            },
            {
                12,
                new[]
                {
                    0.385450f,  0.100526f,  -0.007442f,  0.0f,  0.0f,
                    0.769005f,  0.829802f,  -0.022190f,  0.0f,  0.0f,
                    -0.154455f,  0.069673f,  1.029632f, 0.0f,  0.0f,
                     0.0f,       0.0f,        0.0f,      0.0f,  0.0f,
                     0.0f,       0.0f,        0.0f,      0.0f,  0.0f
                }
            },
            {
                14,
                new[]
                {
                    0.319627f,  0.106241f,  -0.007025f,  0.0f,  0.0f,
                    0.849633f,  0.815969f,  -0.028051f,  0.0f,  0.0f,
                    -0.169261f,  0.077790f,  1.035076f, 0.0f,  0.0f,
                     0.0f,       0.0f,        0.0f,      0.0f,  0.0f,
                     0.0f,       0.0f,        0.0f,      0.0f,  0.0f
                }
            },
            {
                16,
                new[]
                {
                    0.259411f,  0.110296f,  -0.006276f,  0.0f,  0.0f,
                    0.923008f,  0.804340f,  -0.034346f,  0.0f,  0.0f,
                   -0.182420f,  0.085364f,  1.040622f, 0.0f,  0.0f,
                     0.0f,       0.0f,        0.0f,      0.0f,  0.0f,
                     0.0f,       0.0f,        0.0f,      0.0f,  0.0f
                }
            },
            {
                18,
                new[]
                {
                    0.203876f,  0.112975f,  -0.005222f,  0.0f,  0.0f,
                    0.990338f,  0.794542f,  -0.041043f,  0.0f,  0.0f,
                    -0.194214f,  0.092483f,  1.046265f, 0.0f,  0.0f,
                     0.0f,       0.0f,        0.0f,      0.0f,  0.0f,
                     0.0f,       0.0f,        0.0f,      0.0f,  0.0f
                }
            },
            {
                20,
                new[]
                {
                    0.152286f,  0.114503f,  -0.003882f,  0.0f,  0.0f,
                    1.052583f,  0.786281f,  -0.048116f,  0.0f,  0.0f,
                    -0.204868f,  0.099216f,  1.051998f, 0.0f,  0.0f,
                     0.0f,       0.0f,        0.0f,      0.0f,  0.0f,
                     0.0f,       0.0f,        0.0f,      0.0f,  0.0f
                }
            },

        };
        #endregion
        private Dictionary<int, float[]> dueteranomalyMatrixDictionary = new Dictionary<int, float[]>
        #region
        {
            {
                0,
                new[]
                {
                    1,  0,   0,  0.0f,  0.0f,
                    0,  1,   0,  0.0f,  0.0f,
                    0,  0,   1,  0.0f,  0.0f,
                    0,  0,   0,  0.0f,  0.0f,
                    0,  0,   0,  0.0f,  0.0f
                }
            },
            {
                2,
                new[]
                {
                    0.866435f, 0.049567f,  -0.003453f, 0.0f,  0.0f,
                    0.177704f, 0.939063f,   0.007233f, 0.0f,  0.0f,
                    -0.044139f, 0.011370f,  0.996220f, 0.0f,  0.0f,
                     0.0f,       0.0f,        0.0f,      0.0f,  0.0f,
                     0.0f,       0.0f,        0.0f,      0.0f,  0.0f
                }
            },
            {
                4,
                new[]
                {
                    0.760729f,  0.090568f,  -0.006027f,   0.0f,  0.0f,
                    0.319078f,  0.889315f,   0.013325f,  0.0f,  0.0f,
                    -0.079807f,  0.020117f,  0.992702f, 0.0f,  0.0f,
                     0.0f,       0.0f,        0.0f,      0.0f,  0.0f,
                     0.0f,       0.0f,        0.0f,      0.0f,  0.0f
                }
            },
            {
                6,
                new[]
                {
                    0.675425f, 0.125303f,   -0.007950f, 0.0f,  0.0f,
                    0.433850f,  0.847755f,  0.018572f, 0.0f,  0.0f,
                    -0.109275f,  0.026942f,  0.989378f, 0.0f,  0.0f,
                     0.0f,       0.0f,        0.0f,      0.0f,  0.0f,
                     0.0f,       0.0f,        0.0f,      0.0f,  0.0f
                }
            },
            {
                8,
                new[]
                {
                    0.605511f,  0.155318f,  -0.009376f,  0.0f,  0.0f,
                    0.528560f,  0.812366f,  0.023176f,  0.0f,  0.0f,
                    -0.134071f,  0.032316f,  0.986200f, 0.0f,  0.0f,
                     0.0f,       0.0f,        0.0f,      0.0f,  0.0f,
                     0.0f,       0.0f,        0.0f,      0.0f,  0.0f
                }
            },
            {
                10,
                new[]
                {
                    0.547494f,  0.181692f,  -0.010410f,  0.0f,  0.0f,
                    0.607765f,  0.781742f,  0.027275f,  0.0f,  0.0f,
                    -0.155259f,  0.036566f,  0.983136f, 0.0f,  0.0f,
                     0.0f,       0.0f,        0.0f,      0.0f,  0.0f,
                     0.0f,       0.0f,        0.0f,      0.0f,  0.0f
                }
            },
            {
                12,
                new[]
                {
                    0.498864f,  0.205199f,  -0.011131f,  0.0f,  0.0f,
                    0.674741f,  0.754872f,  0.030969f,  0.0f,  0.0f,
                    -0.173604f,  0.039929f,  0.980162f, 0.0f,  0.0f,
                     0.0f,       0.0f,        0.0f,      0.0f,  0.0f,
                     0.0f,       0.0f,        0.0f,      0.0f,  0.0f
                }
            },
            {
                14,
                new[]
                {
                    0.457771f,  0.226409f,  -0.011595f,  0.0f,  0.0f,
                    0.731899f,  0.731012f,  0.034333f,  0.0f,  0.0f,
                    -0.189670f,  0.042579f,  0.977261f, 0.0f,  0.0f,
                     0.0f,       0.0f,        0.0f,      0.0f,  0.0f,
                     0.0f,       0.0f,        0.0f,      0.0f,  0.0f
                }
            },
            {
                16,
                new[]
                {
                    0.422823f,  0.245752f,  -0.011843f,  0.0f,  0.0f,
                    0.781057f,  0.709602f,  0.037423f,  0.0f,  0.0f,
                   -0.203881f,  0.044646f,  0.974421f, 0.0f,  0.0f,
                     0.0f,       0.0f,        0.0f,      0.0f,  0.0f,
                     0.0f,       0.0f,        0.0f,      0.0f,  0.0f
                }
            },
            {
                18,
                new[]
                {
                    0.392952f,  0.263559f,  -0.011910f,  0.0f,  0.0f,
                    0.823610f,  0.690210f,  0.040281f,  0.0f,  0.0f,
                    -0.216562f,  0.046232f,  0.971630f, 0.0f,  0.0f,
                     0.0f,       0.0f,        0.0f,      0.0f,  0.0f,
                     0.0f,       0.0f,        0.0f,      0.0f,  0.0f
                }
            },
            {
                20,
                new[]
                {
                    0.367322f,  0.280085f,  -0.011820f,  0.0f,  0.0f,
                    0.860646f,  0.672501f,  0.042940f,  0.0f,  0.0f,
                    -0.227968f,  0.047413f,  0.968881f, 0.0f,  0.0f,
                     0.0f,       0.0f,        0.0f,      0.0f,  0.0f,
                     0.0f,       0.0f,        0.0f,      0.0f,  0.0f
                }
            },

        };
        #endregion
        private Dictionary<int, float[]> tritanomalyMatrixDictionary = new Dictionary<int, float[]>
        #region
        {
            {
                0,
                new[]
                {
                    1,  0,   0,  0.0f,  0.0f,
                    0,  1,   0,  0.0f,  0.0f,
                    0,  0,   1,  0.0f,  0.0f,
                    0,  0,   0,  0.0f,  0.0f,
                    0,  0,   0,  0.0f,  0.0f
                }
            },
            {
                2,
                new[]
                {
                    0.926670f, 0.021191f,  0.008437f, 0.0f,  0.0f,
                    0.092514f, 0.964503f,   0.054813f, 0.0f,  0.0f,
                    -0.019184f, 0.014306f,  0.936750f, 0.0f,  0.0f,
                     0.0f,       0.0f,        0.0f,      0.0f,  0.0f,
                     0.0f,       0.0f,        0.0f,      0.0f,  0.0f
                }
            },
            {
                4,
                new[]
                {
                    0.895720f,  0.029997f,  0.013027f,   0.0f,  0.0f,
                    0.133330f,  0.945400f,   0.104707f,  0.0f,  0.0f,
                    -0.029050f,  0.024603f,  0.882266f, 0.0f,  0.0f,
                     0.0f,       0.0f,        0.0f,      0.0f,  0.0f,
                     0.0f,       0.0f,        0.0f,      0.0f,  0.0f
                }
            },
            {
                6,
                new[]
                {
                    0.905871f, 0.026856f,   0.013410f, 0.0f,  0.0f,
                    0.127791f,  0.941251f,  0.148296f, 0.0f,  0.0f,
                    -0.033662f,  0.031893f,  0.838294f, 0.0f,  0.0f,
                     0.0f,       0.0f,        0.0f,      0.0f,  0.0f,
                     0.0f,       0.0f,        0.0f,      0.0f,  0.0f
                }
            },
            {
                8,
                new[]
                {
                    0.948035f,  0.014364f,  0.010853f,  0.0f,  0.0f,
                    0.089490f,  0.946792f,  0.193991f,  0.0f,  0.0f,
                    -0.037526f,  0.038844f,  0.795156f, 0.0f,  0.0f,
                     0.0f,       0.0f,        0.0f,      0.0f,  0.0f,
                     0.0f,       0.0f,        0.0f,      0.0f,  0.0f
                }
            },
            {
                10,
                new[]
                {
                    1.017277f,  -0.006113f,  0.006379f,  0.0f,  0.0f,
                    0.027029f,  0.958479f,  0.248708f,  0.0f,  0.0f,
                    -0.044306f,  0.047634f,  0.744913f, 0.0f,  0.0f,
                     0.0f,       0.0f,        0.0f,      0.0f,  0.0f,
                     0.0f,       0.0f,        0.0f,      0.0f,  0.0f
                }
            },
            {
                12,
                new[]
                {
                    1.104996f,  -0.032137f,  0.001336f,  0.0f,  0.0f,
                    -0.046633f,  0.971635f,  0.317922f,  0.0f,  0.0f,
                    -0.058363f,  0.060503f,  0.680742f, 0.0f,  0.0f,
                     0.0f,       0.0f,        0.0f,      0.0f,  0.0f,
                     0.0f,       0.0f,        0.0f,      0.0f,  0.0f
                }
            },
            {
                14,
                new[]
                {
                    1.193214f,  -0.058496f,  -0.002346f,  0.0f,  0.0f,
                    -0.109812f,  0.979410f,  0.403492f,  0.0f,  0.0f,
                    -0.083402f,  0.079086f,  0.598854f, 0.0f,  0.0f,
                     0.0f,       0.0f,        0.0f,      0.0f,  0.0f,
                     0.0f,       0.0f,        0.0f,      0.0f,  0.0f
                }
            },
            {
                16,
                new[]
                {
                    1.257728f,  -0.078003f,  -0.003316f,  0.0f,  0.0f,
                    -0.139648f,  0.975409f,  0.501214f,  0.0f,  0.0f,
                   -0.118081f,  0.102594f,  0.502102f, 0.0f,  0.0f,
                     0.0f,       0.0f,        0.0f,      0.0f,  0.0f,
                     0.0f,       0.0f,        0.0f,      0.0f,  0.0f
                }
            },
            {
                18,
                new[]
                {
                    1.278864f,  -0.084748f,  -0.000989f,  0.0f,  0.0f,
                    -0.125333f,  0.957674f,  0.601151f,  0.0f,  0.0f,
                    -0.153531f,  0.127074f,  0.399838f, 0.0f,  0.0f,
                     0.0f,       0.0f,        0.0f,      0.0f,  0.0f,
                     0.0f,       0.0f,        0.0f,      0.0f,  0.0f
                }
            },
            {
                20,
                new[]
                {
                    1.255528f,  -0.078411f,  0.004733f,  0.0f,  0.0f,
                    -0.076749f,  0.930809f,  0.691367f,  0.0f,  0.0f,
                    -0.178779f,  0.147602f,  0.303900f, 0.0f,  0.0f,
                     0.0f,       0.0f,        0.0f,      0.0f,  0.0f,
                     0.0f,       0.0f,        0.0f,      0.0f,  0.0f
                }
            },

        };
        #endregion


        #endregion

        protected override void OnPaintBackground(PaintEventArgs e)
        {
            if (this.ClientRectangle.Width == 0 || this.ClientRectangle.Height == 0)
                return;
            using (LinearGradientBrush brush = new LinearGradientBrush(this.ClientRectangle,
                                                           Color.Black,
                                                           Color.DeepSkyBlue,
                                                           90F))
            {
                e.Graphics.FillRectangle(brush, this.ClientRectangle);
            }
        }

        public FQS()
        {
            InitializeComponent();
            LoadOptions();
            RefreshImage();
        }

        public void LoadOptions()
        {
            if (File.Exists(optionsPath))
            {
                String options = File.ReadAllText(optionsPath);
                if (options == null)
                    return;
                String[] data = options.Split('^');
                printImagePath = data[1];

                if (data.Length > 3)
                    RedCustomColorValue = ColorTranslator.FromHtml(data[3]);
                else
                    RedCustomColorValue = Color.Red;

                if (data.Length > 5)
                    GreenCustomColorValue = ColorTranslator.FromHtml(data[5]);
                else
                    GreenCustomColorValue = Color.Green;

                if (data.Length > 7)
                    BlueCustomColorValue = ColorTranslator.FromHtml(data[7]);
                else
                    BlueCustomColorValue = Color.Blue;
            }
        }

        public void SaveOptions()
        {
            if (File.Exists(optionsPath))
            {
                string dataImagePath = "1.Print Image Location = ^" + printImagePath;
                string dataRedColor = "^2. Red Color Custom Value = ^" + ColorTranslator.ToHtml(RedCustomColorValue);
                string dataGreenColor = "^3. Green Color Custom Value = ^" + ColorTranslator.ToHtml(GreenCustomColorValue);
                string dataBlueColor = "^4. Blue Color Custom Value = ^" + ColorTranslator.ToHtml(BlueCustomColorValue);
                string data = dataImagePath + dataRedColor + dataGreenColor + dataBlueColor;
                File.WriteAllText(optionsPath, data);
            }
            else
            {
                string dataImagePath = "1.Print Image Location = ^" + printImagePath;
                string dataRedColor = "^2. Red Color Custom Value = ^" + ColorTranslator.ToHtml(RedCustomColorValue);
                string dataGreenColor = "^3. Green Color Custom Value = ^" + ColorTranslator.ToHtml(GreenCustomColorValue);
                string dataBlueColor = "^4. Blue Color Custom Value = ^" + ColorTranslator.ToHtml(BlueCustomColorValue);
                string data = dataImagePath + dataRedColor + dataGreenColor + dataBlueColor;
                File.Create(optionsPath).Close();
                File.WriteAllText(optionsPath, data);
            }
        }

        private void Form1_Load(object sender, EventArgs e)
        {
            InitializeHotkeys();
            ToggleHotkeys(true);
        }


        private void OnF1Action()
        {
            SetDeuteronormaly();
        }

        private void OnF2Action()
        {
            SetProtanomaly();
        }

        public void OnF3Action()
        {
            SetProtanopia();
        }

        private void OnF4Action()
        {
            SetDeuteranopia();
        }

        private void OnF5Action()
        {
            SetTritanopia();
        }

        private void OnF6Action()
        {
            SetTritanomaly();
        }

        private void OnF7Action()
        {
            SetAchromatopsia();
        }

        private void OnF8Action()
        {
            SetScreenDefault();
        }

        private void OnF9Action()
        {
            SetCustomScreen();
        }

        private void OnPrintScreen()
        {
            CaptureScreenNormal();
            RefreshImage();
        }

        private void OnPlus()
        {
            waveLenghtSeverity += 2;
            if (waveLenghtSeverity >= 20)
                waveLenghtSeverity = 20;

            SetPreviousFilter(false);
        }

        private void OnMinus()
        {
            waveLenghtSeverity -= 2;
            if (waveLenghtSeverity <= 0)
                waveLenghtSeverity = 0;

            SetPreviousFilter(false);
        }

        private void OnHome()
        {
            TogglePauseProcess();
        }

        private void TogglePauseProcess()
        {
            if(processIsPaused)
            {
                processIsPaused = false;
                ResumeProcess();
            }
            else
            {
                processIsPaused = true;
                SuspendProcess();
            }
        }

        private void ResumeProcess()
        {
            Console.WriteLine("Resume");
            var processes = Process.GetProcessesByName(processName);

            foreach (Process process in processes)
            {
                foreach (ProcessThread pT in process.Threads)
                {
                    if (process.ProcessName == string.Empty)
                        return;

                    IntPtr pOpenThread = OpenThread(ThreadAccess.SUSPEND_RESUME, false, (uint)pT.Id);

                    if (pOpenThread == IntPtr.Zero)
                    {
                        continue;
                    }

                    var suspendCount = 0;
                    do
                    {
                        suspendCount = ResumeThread(pOpenThread);
                    } while (suspendCount > 0);

                    CloseHandle(pOpenThread);
                }
            }
        }

        private void SuspendProcess()
        {
            Console.WriteLine("Suspend");
            var processes = Process.GetProcessesByName(processName);
            
            foreach (Process process in processes)
            {
                foreach (ProcessThread pT in process.Threads)
                {
                    IntPtr pOpenThread = OpenThread(ThreadAccess.SUSPEND_RESUME, false, (uint)pT.Id);

                    if (pOpenThread == IntPtr.Zero)
                    {
                        continue;
                    }

                    SuspendThread(pOpenThread);

                    CloseHandle(pOpenThread);
                }
            }
        }

        private void SetAchromatopsia()
        {
            SetScreenDefault();
            previousFilter = EFilterTypes.achromatopsia;
            AllignProperText(EFilterTypes.achromatopsia, waveLenghtSeverity);
            float redScale = 0.2126f, greenScale = 0.7152f, blueScale = 0.0722f;
            var magEffectInvert = new NativeMethods.MAGCOLOREFFECT
            {
                transform = new[] 
                {
                    redScale,   redScale,   redScale,   0.0f,  0.0f,
                    greenScale, greenScale, greenScale, 0.0f,  0.0f,
                    blueScale,  blueScale,  blueScale,  0.0f,  0.0f,
                    0.0f,       0.0f,       0.0f,       1.0f,  0.0f,
                    0.0f,       0.0f,       0.0f,       0.0f,  1.0f
                }
            };

            NativeMethods.MagInitialize();
            NativeMethods.MagSetFullscreenColorEffect(ref magEffectInvert);
        }

        private void SetPreviousFilter(bool resetSeverity = true)
        {
            switch(previousFilter)
            {
                case EFilterTypes.deuteranomaly:
                    SetDeuteronormaly(resetSeverity);
                    break;
                case EFilterTypes.protanomaly:
                    SetProtanomaly(resetSeverity);
                    break;
                case EFilterTypes.protanopia:
                    SetProtanopia(resetSeverity);
                    break;
                case EFilterTypes.deuteranopia:
                    SetDeuteranopia(resetSeverity);
                    break;
                case EFilterTypes.tritanopia:
                    SetTritanopia(resetSeverity);
                    break;
                case EFilterTypes.tritanomaly:
                    SetTritanomaly(resetSeverity);
                    break;
                case EFilterTypes.achromatopsia:
                    SetAchromatopsia();
                    break;
                case EFilterTypes.normal:
                    SetScreenDefault();
                    break;
                case EFilterTypes.custom:
                    SetCustomScreen();
                    break;
            }
        }

        private void FQS_Resize(object sender, EventArgs e)
        {
            this.Invalidate();
        }

        private void optionsToolStripMenuItem_Click(object sender, EventArgs e)
        {

        }

        private void RefreshImage()
        {
            screensPictureBox = new PictureBox[6] { pictureBox19, pictureBox20, pictureBox21, pictureBox22, pictureBox23, pictureBox24 };
            if (Directory.Exists(printImagePath) == false)
                return;
            string[] files = Directory.GetFiles(printImagePath, ".");
            List<string> imageFiles = new List<string>();
            foreach (string filename in files)
            {
                if (Regex.IsMatch(filename, @".jpg|.png|.gif$"))
                    imageFiles.Add(filename);
            }
            foreach (PictureBox picture in screensPictureBox)
            {
                picture.Image = null;
                picture.BackColor = Color.FromArgb(50, Color.Black);
            }

            for (int i = 0; i < imageFiles.Count; i++)
            {
                if (i > 5)
                    break;
                screensPictureBox[i].SizeMode = PictureBoxSizeMode.StretchImage;
                screensPictureBox[i].Load(imageFiles[i]);
            }
        }

        private void setScreenshotPathToolStripMenuItem_Click(object sender, EventArgs e)
        {
            using (var fbd = new FolderBrowserDialog())
            {
                fbd.SelectedPath = printImagePath;
                DialogResult result = fbd.ShowDialog();

                if (result == DialogResult.OK && !string.IsNullOrWhiteSpace(fbd.SelectedPath))
                {
                    string[] files = Directory.GetFiles(fbd.SelectedPath);
                    printImagePath = fbd.SelectedPath.ToString();
                    SaveOptions();
                    RefreshImage();
                }
            }
        }

        private void openScreenshotFolderToolStripMenuItem_Click(object sender, EventArgs e)
        {
            System.Windows.Forms.MessageBox.Show(printImagePath);
            System.Diagnostics.Process.Start(printImagePath);
        }

        string firstImageName;
        string secongImageName;

        private void pictureBox19_Click(object sender, EventArgs e)
        {
            System.Diagnostics.Process.Start(printImagePath);
        }

        private void pictureBox20_Click(object sender, EventArgs e)
        {
            System.Diagnostics.Process.Start(printImagePath);
        }

        private void pictureBox21_Click(object sender, EventArgs e)
        {
            System.Diagnostics.Process.Start(printImagePath);
        }

        private void pictureBox23_Click(object sender, EventArgs e)
        {
            System.Diagnostics.Process.Start(printImagePath);
        }

        private void pictureBox22_Click(object sender, EventArgs e)
        {
            System.Diagnostics.Process.Start(printImagePath);
        }

        private void pictureBox24_Click(object sender, EventArgs e)
        {
            System.Diagnostics.Process.Start(printImagePath);
        }

        private void patronsToolStripMenuItem_Click(object sender, EventArgs e)
        {

        }

        private void pictureBox1_Click(object sender, EventArgs e)
        {

        }

        private void pictureBox31_Click(object sender, EventArgs e)
        {
            OpenCustomFilterForm();
        }

        private void OpenCustomFilterForm()
        {
            customFilter = new Form2(this, optionsPath, printImagePath);
            this.Hide();
            customFilter.ShowDialog();
        }

        private void pictureBox34_Click(object sender, EventArgs e)
        {
            OpenCustomFilterForm();
        }

        private void Screen_Click(object sender, EventArgs e)
        {
            OpenCustomFilterForm();
        }

        private void toolStripTextBox1_Click(object sender, EventArgs e)
        {
            processName = toolStripTextBox1.Text;
        }

        private void toolStripMenuItem2_Click(object sender, EventArgs e)
        {
            processName = toolStripTextBox1.Text;
        }

        private void toolStripTextBox1_Click_1(object sender, EventArgs e)
        {

        }

        private void FQS_FormClosed(object sender, FormClosedEventArgs e)
        {
        }

        private void pictureBox35_Click(object sender, EventArgs e)
        {

        }

        private void setCustomFilterToolStripMenuItem_Click(object sender, EventArgs e)
        {
            OpenCustomFilterForm();
        }

        private void pictureBox4_Click(object sender, EventArgs e)
        {

        }

        string firstImagePath;
        string secondImagePath;
        private void CaptureScreenNormal()
        {
            String processName = System.AppDomain.CurrentDomain.FriendlyName;
            for(int i = 0; i < 500; i++)
            {
                firstImageName = previousFilter.ToString() + " filter " + "severity " + waveLenghtSeverity + "nm " + i + ".jpg";
                firstImageName.Replace('.', '~');
                if (!File.Exists(printImagePath + @"/" + firstImageName))
                {
                    secongImageName = previousFilter.ToString() + " filter " + i + ".jpg";
                    break;
                }
            }
            Graphics myGraphics = this.CreateGraphics();
            Size bitmapSize = new Size(System.Windows.Forms.Screen.PrimaryScreen.Bounds.Width, System.Windows.Forms.Screen.PrimaryScreen.Bounds.Height);
            Bitmap memoryImage = new Bitmap(bitmapSize.Width, bitmapSize.Height, myGraphics);
            Graphics memoryGraphics = Graphics.FromImage(memoryImage);
            memoryGraphics.CopyFromScreen(0, 0, 0, 0, bitmapSize);
            Bitmap ResizedBitmap = new Bitmap(memoryImage, bitmapSize.Width/2, bitmapSize.Height/2);
            firstImagePath = printImagePath + @"\" + firstImageName;
            secondImagePath = printImagePath + @"\" + secongImageName;
            ResizedBitmap.Save(firstImagePath);
            CaptureScreenUpdated();
        }

        private void CaptureScreenUpdated()
        {
            NativeMethods.MagUninitialize();
            Graphics myGraphics = this.CreateGraphics();
            Size bitmapSize = new Size(System.Windows.Forms.Screen.PrimaryScreen.Bounds.Width, System.Windows.Forms.Screen.PrimaryScreen.Bounds.Height);
            Bitmap memoryImage = new Bitmap(bitmapSize.Width, bitmapSize.Height, myGraphics);
            Graphics memoryGraphics = Graphics.FromImage(memoryImage);
            memoryGraphics.CopyFromScreen(0, 0, 0, 0, bitmapSize);
            Bitmap ResizedBitmap = new Bitmap(memoryImage, bitmapSize.Width / 2, bitmapSize.Height/2);

            ResizedBitmap.Save(secondImagePath);
            SetPreviousFilter(false);
            MergeTwoImages();
        } 
        
        private void MergeTwoImages()
        {
            Image firstImage = Image.FromFile(firstImagePath);
            Image secondImage = Image.FromFile(secondImagePath);
            Bitmap mergedBitmap = new Bitmap(System.Windows.Forms.Screen.PrimaryScreen.Bounds.Width /2, System.Windows.Forms.Screen.PrimaryScreen.Bounds.Height);
            Image mergedImage = (Image)mergedBitmap;

            Graphics myGraphics = Graphics.FromImage(mergedImage);

            myGraphics.Clear(Color.White);
            myGraphics.DrawImage(firstImage, new Point(0, 0));
            myGraphics.DrawImage(secondImage, new Point(0, firstImage.Height));

            myGraphics.Dispose();
            firstImage.Dispose();
            secondImage.Dispose();
            mergedImage.Save(firstImagePath);
            File.Delete(secondImagePath);
        }

        public Bitmap ResizeBitmap(Bitmap bmp, int width, int height)
        {
            Bitmap result = new Bitmap(width, height);
            using (Graphics g = Graphics.FromImage(result))
            {
                g.DrawImage(bmp, 0, 0, width, height);
            }

            return result;
        }

        //https://pl.wikipedia.org/wiki/Deuteranomalia
        private void SetDeuteronormaly(bool resetSeverity = true)
        {
            if (resetSeverity)
                waveLenghtSeverity = 10;

            if (waveLenghtSeverity == 20)
            {
                SetDeuteranopia();
                return;
            }

            SetScreenDefault();
            previousFilter = EFilterTypes.deuteranomaly;
            AllignProperText(EFilterTypes.deuteranomaly, waveLenghtSeverity);

            float[] deuteranomalyMatrix = null;
            dueteranomalyMatrixDictionary.TryGetValue(waveLenghtSeverity, out deuteranomalyMatrix);


            var magEffectInvert = new NativeMethods.MAGCOLOREFFECT
            {
                transform = deuteranomalyMatrix
            };

            NativeMethods.MagInitialize();
            NativeMethods.MagSetFullscreenColorEffect(ref magEffectInvert);
        }

        //https://pl.wikipedia.org/wiki/Protanopia
        private void SetProtanomaly(bool resetSeverity = true)
        {
            if (resetSeverity)
                waveLenghtSeverity = 10;

            if (waveLenghtSeverity == 20)
            {
                SetProtanopia();
                return;
            }

            SetScreenDefault();
            previousFilter = EFilterTypes.protanomaly;
            AllignProperText(EFilterTypes.protanomaly, waveLenghtSeverity);

            float[] protanomalyMatrix = null;
            protanomalyMatrixDictionary.TryGetValue(waveLenghtSeverity, out protanomalyMatrix);

            var magEffectInvert = new NativeMethods.MAGCOLOREFFECT
            {
                transform = protanomalyMatrix
            };

            NativeMethods.MagInitialize();
            NativeMethods.MagSetFullscreenColorEffect(ref magEffectInvert);
        }

        private void DrawStringThread(string textToDraw)
        {
            while(drawingString)
            { 
                IntPtr desktopPtr = GetDC(IntPtr.Zero);
                if (desktopPtr == null || desktopPtr == IntPtr.Zero)
                {
                    return;
                }
                Console.WriteLine("desktopPtr: " + desktopPtr);
                Graphics g = Graphics.FromHdc(desktopPtr);

                Font font = new Font(FontFamily.GenericSerif, 30, FontStyle.Bold, GraphicsUnit.Pixel);
                PointF point = new PointF(0, 0);
                Color color = Color.FromArgb(50, Color.Red);
                SolidBrush myBrush = new SolidBrush(Color.Red);
                g.DrawString(textToDraw, font, myBrush, point);
                g.Dispose();
                Thread.Sleep(10);
            }

            KillThread(textThread);
        }

        private void KillThread(Thread threadToKill)
        {
            if(threadToKill != null && threadToKill.IsAlive)
            {
                threadToKill.Abort();
                threadToKill = null;
            }
        }

        public void DrawString(string textToDraw)
        {
            drawingString = true;
            KillThread(textThread);
            textThread = new Thread(() =>
            {
                Thread.CurrentThread.IsBackground = true;
                DrawStringThread(textToDraw);
            });
            textThread.Start();
        }


        private void StopDrawingString()
        {
            drawingString = false;
        }

        Thread textThread;

        private void AllignProperText(EFilterTypes filterType, int severity)
        {

            string stringToDraw = filterType + " severity: " + severity + "nM";


            
            switch(filterType)
            {
                case EFilterTypes.protanopia:

                    break;

                case EFilterTypes.protanomaly:

                    break;
                case EFilterTypes.deuteranopia:

                    break;

                case EFilterTypes.deuteranomaly:

                    break;

                case EFilterTypes.tritanopia:

                    break;

                case EFilterTypes.tritanomaly:

                    break;

                case EFilterTypes.normal:
                    stringToDraw = "normal vision";

                    break;

                case EFilterTypes.achromatopsia:
                    stringToDraw = filterType.ToString();

                    break;

            }

            DrawString(stringToDraw);

        }

        private void SetProtanopia(bool resetSeverity = true)
        {
            if (resetSeverity)
                waveLenghtSeverity = 20;

            if (waveLenghtSeverity < 20)
            {
                SetProtanomaly(false);
                return;
            }

            SetScreenDefault();
            previousFilter = EFilterTypes.protanopia;
            AllignProperText(EFilterTypes.protanopia, waveLenghtSeverity);

            float[] protanomalyMatrix = null;
            protanomalyMatrixDictionary.TryGetValue(waveLenghtSeverity, out protanomalyMatrix);

            var magEffectInvert = new NativeMethods.MAGCOLOREFFECT
            {
                transform = protanomalyMatrix
            };

            NativeMethods.MagInitialize();
            NativeMethods.MagSetFullscreenColorEffect(ref magEffectInvert);
        }

        private void SetDeuteranopia(bool resetSeverity = true)
        {
            if (resetSeverity)
                waveLenghtSeverity = 20;

